Sc.        TotInc         Obj  Model Status
-------------------------------------------
s01      13828.96       10.56             2
s02      11526.13        8.22             2
s03      10221.72        6.94             2
s04      10101.60       10.80             2
s05      13400.16       10.19             2
s06      14376.34       11.17             2
s07      14409.07       11.24             2
s08      10834.13       11.62             2
s09      14410.48       11.30             2
s10      10209.79       12.16             2
s11      10211.01       12.96             2
s12      10211.07       12.96             2
s13      10209.90       13.14             2
s14      15555.27       12.29             2
s15      15560.05       12.43             2
s18      10209.23       12.16             2
s19      10209.35       12.16             2
s20       9919.43       11.27             2
s21      10207.42       10.48             2
s22      10209.24       12.16             2
s23      10209.18       12.16             2
s24       9919.42       11.27             2
s25      10207.98       10.48             2
s30      13670.38       10.40             2
s31      14145.78       10.99             2
s32      13938.14       10.66             2
s33      13611.57       10.31             2
s34       9058.28        9.51             2
s35       7290.21        7.75             2
